0,1
0,2
0,3
1,2
2,3
3,1
4,5
4,6
4,7
5,6
6,7
7,5
8,9
8,10
8,11
9,10
10,11
11,9
12,13
12,14
12,15
13,14
14,15
15,13
16,17
16,18
16,19
17,18
18,19
19,17
20,21
20,22
20,23
21,22
22,23
23,21
24,25
24,26
24,27
25,26
26,27
27,25
28,29
28,30
28,31
29,30
30,31
31,29
32,33
32,34
32,35
33,34
34,35
35,33
36,37
36,38
36,39
37,38
38,39
39,37
40,41
40,42
40,43
41,42
42,43
43,41
44,45
44,46
44,47
45,46
46,47
47,45
48,49
48,50
48,51
49,50
50,51
51,49
52,53
52,54
52,55
53,54
54,55
55,53
56,57
56,58
56,59
57,58
58,59
59,57
60,61
60,62
60,63
61,62
62,63
63,61
64,65
64,66
64,67
65,66
66,67
67,65
68,69
68,70
68,71
69,70
70,71
71,69
72,73
72,74
72,75
73,74
74,75
75,73
76,77
76,78
76,79
77,78
78,79
79,77
80,81
80,82
80,83
81,82
82,83
83,81
84,85
84,86
84,87
85,86
86,87
87,85
88,89
88,90
88,91
89,90
90,91
91,89
92,93
92,94
92,95
93,94
94,95
95,93
96,97
96,98
96,99
97,98
98,99
99,97
100,101
100,102
100,103
101,102
102,103
103,101
104,105
104,106
104,107
105,106
106,107
107,105
108,109
108,110
108,111
109,110
110,111
111,109
112,113
112,114
112,115
113,114
114,115
115,113
116,117
116,118
116,119
117,118
118,119
119,117
120,121
120,122
120,123
121,122
122,123
123,121
124,125
124,126
124,127
125,126
126,127
127,125
128,129
128,130
128,131
129,130
130,131
131,129
132,133
132,134
132,135
133,134
134,135
135,133
136,137
136,138
136,139
137,138
138,139
139,137
140,141
140,142
140,143
141,142
142,143
143,141
144,145
144,146
144,147
145,146
146,147
147,145
148,149
148,150
148,151
149,150
150,151
151,149
152,153
152,154
152,155
153,154
154,155
155,153
156,157
156,158
156,159
157,158
158,159
159,157
160,161
160,162
160,163
161,162
162,163
163,161
164,165
164,166
164,167
165,166
166,167
167,165
168,169
168,170
168,171
169,170
170,171
171,169
172,173
172,174
172,175
173,174
174,175
175,173
176,177
176,178
176,179
177,178
178,179
179,177
180,181
180,182
180,183
181,182
182,183
183,181
184,185
184,186
184,187
185,186
186,187
187,185
188,189
188,190
188,191
189,190
190,191
191,189
192,193
192,194
192,195
193,194
194,195
195,193
196,197
196,198
196,199
197,198
198,199
199,197
6,3
7,3
14,0
15,2
21,1
24,3
27,3
34,0
37,3
41,1
44,2
49,0
54,3
56,2
62,1
66,3
67,3
71,1
77,0
81,1
84,2
89,3
92,1
97,2
102,0
106,2
108,0
112,1
118,1
120,3
125,2
128,2
132,2
136,2
139,1
144,3
150,0
153,1
158,3
161,1
163,1
167,0
172,2
176,1
181,0
184,3
189,0
192,0
197,2
199,0
7,7
12,4
15,5
21,4
23,6
30,5
32,5
35,5
42,7
45,4
47,6
52,6
58,7
59,5
63,4
70,6
72,4
76,7
80,4
83,7
90,4
91,6
98,7
101,7
104,6
108,6
112,6
115,4
121,7
123,7
127,4
131,6
136,7
139,6
146,7
148,5
152,6
156,7
162,5
166,5
169,6
171,7
176,7
181,7
183,4
187,5
192,7
196,5
202,5
12,11
15,9
19,9
26,8
29,9
34,9
38,9
41,9
46,8
49,10
54,11
55,10
62,11
63,11
68,9
72,9
77,10
82,11
83,10
89,8
93,11
96,11
99,11
104,10
107,8
112,10
115,8
122,11
125,11
127,10
133,10
135,8
142,9
144,9
150,9
153,9
157,10
162,8
163,10
169,11
173,9
175,9
182,8
183,8
187,10
192,8
198,8
199,9
18,14
19,13
25,14
28,13
33,14
37,14
41,15
45,15
49,15
54,13
56,14
62,13
64,13
67,13
73,14
77,12
81,12
85,12
87,13
94,15
97,14
102,15
103,15
108,14
113,15
116,12
120,14
123,15
129,13
134,15
137,13
139,12
144,14
149,15
154,13
155,14
162,14
166,12
167,13
173,14
177,15
179,15
184,14
187,15
192,12
197,14
202,13
20,16
24,16
28,17
32,18
38,19
40,16
44,16
48,17
53,18
56,18
59,17
64,19
70,19
73,17
78,16
82,17
84,19
89,18
92,18
98,16
99,18
103,19
107,18
113,16
116,19
119,17
125,19
127,19
131,17
135,16
141,19
146,16
149,17
152,17
157,17
159,16
164,19
167,18
171,19
175,18
180,16
186,16
187,17
193,18
196,16
200,16
26,22
27,20
31,21
36,23
39,22
46,22
48,21
51,21
55,21
60,23
65,21
69,22
73,22
77,21
80,21
84,23
88,21
94,23
95,20
99,22
105,23
108,22
111,23
118,20
122,23
123,23
130,23
133,20
135,23
140,23
143,20
147,23
152,22
158,23
161,23
165,22
169,21
174,20
178,20
180,20
183,20
190,22
191,20
195,23
199,21
30,25
31,24
35,24
39,26
45,25
49,26
52,24
57,24
61,24
64,27
67,26
73,27
75,27
81,24
84,27
89,27
93,27
95,27
102,25
106,26
108,27
112,26
116,24
121,24
124,27
129,24
132,27
136,26
142,27
144,24
149,25
154,24
157,27
160,26
163,25
169,27
171,24
177,26
182,24
184,25
187,25
191,27
197,26
202,27
32,28
37,30
39,29
46,29
49,28
53,28
58,28
61,28
64,31
67,28
72,30
76,31
79,30
86,28
89,28
94,29
96,28
102,30
106,31
108,28
111,28
117,30
119,28
125,31
130,28
131,28
136,31
142,31
145,30
149,28
153,29
157,30
161,29
163,30
168,28
171,30
175,30
181,31
186,31
190,29
192,31
198,31
201,31
36,33
39,32
45,34
49,33
52,34
57,34
62,34
66,35
68,34
73,32
76,32
82,34
83,32
87,35
94,33
95,32
100,35
105,35
110,33
112,33
116,32
119,32
125,32
128,33
132,35
138,35
142,33
145,32
149,32
154,35
156,32
160,34
164,33
170,35
174,34
177,32
181,35
186,34
187,35
194,33
195,35
200,33
42,39
45,39
49,38
53,37
56,37
61,39
64,37
68,37
71,38
78,36
80,39
85,37
89,38
93,39
97,39
101,36
106,39
108,37
112,37
115,38
119,37
126,38
127,38
133,39
138,36
139,38
146,38
148,39
154,37
157,37
161,38
164,37
169,36
171,37
176,39
182,37
186,38
190,36
191,36
196,37
199,38
46,40
49,41
52,42
55,41
61,43
63,42
68,41
73,41
75,43
82,41
86,42
89,42
94,40
95,40
101,41
105,41
110,42
112,41
116,43
121,41
125,40
127,42
131,41
136,40
140,40
143,40
150,41
154,41
155,41
161,41
166,40
169,41
173,41
178,43
179,41
183,42
188,40
194,41
198,42
202,40
50,45
52,47
56,45
60,46
63,46
69,47
71,44
78,46
80,45
85,45
90,47
93,47
98,46
99,44
105,47
107,47
112,45
115,47
119,46
124,46
129,46
133,47
135,45
139,44
144,46
147,44
151,45
158,46
159,44
166,44
168,47
174,44
178,45
180,44
183,45
188,45
194,47
196,47
202,47
52,51
57,48
60,48
66,48
67,50
74,48
78,50
81,50
84,49
88,51
94,49
97,50
101,51
104,48
108,49
111,50
116,51
122,49
124,51
127,51
133,49
135,51
141,48
146,49
149,51
152,50
156,49
160,48
163,50
167,48
174,50
177,48
181,49
183,48
187,49
191,49
198,48
201,48
56,55
59,54
64,52
70,53
71,52
77,55
81,52
84,54
87,53
94,54
96,54
101,55
106,52
109,53
114,52
117,54
119,54
126,54
129,52
133,55
135,55
141,52
146,52
149,52
151,54
158,55
159,53
165,53
169,54
171,55
176,55
181,55
183,53
189,52
192,54
196,55
199,53
60,57
63,59
69,56
71,59
76,56
79,56
86,57
87,56
92,56
97,56
102,58
103,58
110,58
114,59
115,58
119,56
123,56
127,58
133,56
137,57
140,57
146,58
149,57
151,58
157,56
159,58
165,56
170,57
171,59
176,58
179,59
183,59
190,56
191,57
197,58
201,59
65,63
70,63
72,63
77,63
79,60
84,62
89,60
94,62
95,61
100,63
106,62
110,63
112,63
118,63
120,63
126,61
129,60
131,60
136,63
140,61
144,61
148,63
151,61
158,62
160,63
164,63
170,63
174,63
178,62
181,60
183,63
190,61
191,63
195,60
200,63
70,66
71,66
77,66
81,67
85,64
87,64
93,64
97,64
101,67
104,65
109,67
112,65
117,65
120,66
126,67
129,64
133,64
137,67
140,65
145,64
149,65
152,65
158,64
159,66
165,66
169,66
172,67
177,65
179,67
186,67
188,67
192,67
197,65
200,67
71,68
77,71
82,70
83,70
89,68
93,69
98,69
99,70
103,71
107,69
111,70
115,71
119,68
124,68
130,71
133,70
137,71
140,71
144,70
150,71
151,71
157,69
162,68
163,68
170,70
171,71
177,71
180,70
183,69
190,71
191,71
197,71
202,69
77,74
79,74
85,72
87,75
94,75
98,73
100,75
104,74
110,73
111,75
116,72
120,73
124,72
128,72
133,72
137,72
139,72
143,74
149,72
152,75
158,75
160,75
166,74
169,74
174,75
177,72
181,75
183,74
190,73
192,73
197,75
199,72
79,79
84,79
87,77
91,79
96,78
102,77
104,78
108,78
112,76
118,79
120,78
124,79
127,76
134,76
138,78
139,79
143,76
150,78
153,77
158,78
162,77
165,79
169,79
172,78
178,78
180,78
183,78
187,79
192,76
197,79
200,79
83,82
88,83
94,83
97,83
99,80
106,82
108,82
111,82
116,81
119,81
126,80
130,80
131,82
136,80
141,83
144,82
148,83
152,80
158,83
161,83
165,82
170,83
172,80
176,80
182,82
183,80
190,82
192,81
197,80
200,81
89,84
94,86
95,87
101,84
105,84
109,84
112,85
115,86
119,87
124,85
130,84
133,86
136,87
141,84
143,85
149,87
154,84
158,87
160,87
166,86
167,85
171,86
175,87
180,84
185,84
188,87
194,84
195,84
202,84
94,91
98,88
101,90
103,89
110,88
111,90
118,91
122,90
126,89
129,91
131,90
136,88
142,91
144,90
150,91
152,88
158,91
159,88
163,89
170,89
174,90
178,88
182,90
183,91
188,89
191,88
197,88
199,90
97,93
100,94
104,93
108,95
114,95
117,95
122,95
125,95
129,95
132,94
137,92
139,94
144,94
149,94
153,95
155,93
160,94
166,92
170,93
174,95
176,95
181,93
184,92
188,92
191,94
197,92
202,92
99,96
106,96
108,98
113,98
115,96
119,97
125,96
128,98
134,96
135,96
139,97
146,97
147,96
152,97
158,99
161,98
166,97
168,98
173,98
178,96
179,97
185,99
187,99
193,96
197,99
201,98
105,100
110,100
113,102
116,103
120,102
126,101
128,101
133,102
138,100
139,103
146,100
149,102
151,100
157,100
160,102
166,102
167,102
174,103
177,102
181,102
186,103
188,100
194,102
197,101
200,100
110,104
111,106
115,107
122,104
125,107
130,104
132,105
137,105
142,105
146,107
147,104
152,107
158,104
160,107
164,105
170,104
174,105
175,107
181,105
185,104
187,107
194,107
198,104
202,105
113,111
115,110
121,109
126,108
127,111
134,110
138,111
139,109
145,108
149,109
152,110
156,110
162,110
165,109
167,111
174,111
175,109
181,108
186,110
188,111
191,108
196,109
199,108
115,115
119,114
124,112
128,113
132,113
138,113
140,114
144,113
148,112
152,112
157,113
161,112
164,112
168,113
172,114
175,114
181,113
183,112
188,112
192,115
195,114
199,113
122,116
125,117
129,119
132,119
138,119
140,116
145,117
149,119
152,116
155,119
160,118
163,116
167,118
172,117
175,118
180,119
184,118
189,118
191,116
195,118
199,118
123,122
129,123
134,123
137,123
142,122
145,121
147,120
154,121
157,120
162,120
166,122
169,122
172,121
178,123
180,121
183,121
187,123
194,121
196,122
199,120
130,124
133,125
135,126
139,124
144,126
148,124
154,125
157,126
162,127
163,127
170,125
171,124
176,125
180,125
185,127
187,124
193,127
196,124
199,124
131,130
136,130
141,129
143,129
148,129
154,131
156,130
161,129
163,131
169,131
171,129
175,128
179,130
184,128
188,128
194,130
197,128
201,131
138,132
140,134
144,133
147,133
151,134
155,135
162,132
165,133
167,135
174,133
177,135
182,134
186,134
189,132
194,132
196,134
202,135
139,139
145,136
150,136
154,139
156,137
159,139
165,139
167,139
173,138
177,138
181,139
183,138
189,138
193,139
195,139
200,139
145,142
149,143
152,140
158,142
159,141
163,141
169,140
171,143
175,143
182,142
186,140
187,140
193,140
195,140
199,142
150,146
152,145
158,145
162,147
166,145
170,145
173,146
178,146
182,146
186,145
188,147
191,145
198,146
201,144
154,151
156,149
159,150
166,149
167,151
172,149
178,149
181,149
186,149
188,149
192,148
195,148
202,150
157,153
162,154
164,155
169,152
171,153
175,152
180,153
185,155
188,152
191,155
198,153
199,152
159,157
164,159
170,156
171,159
176,159
181,159
183,156
190,159
194,156
198,158
200,159
164,163
169,163
172,162
175,161
180,161
183,163
187,161
193,163
198,160
202,163
170,165
172,164
175,164
182,165
183,167
188,167
191,166
197,165
200,166
172,170
176,168
181,169
186,170
187,168
193,170
195,171
200,170
177,173
181,172
186,173
190,175
191,175
197,172
201,172
182,179
183,179
189,178
194,178
195,177
199,176
183,183
190,180
193,180
196,183
199,183
189,187
193,187
198,186
201,185
192,189
197,188
200,189
196,193
202,193
201,198
