0,1
0,2
0,3
1,2
2,3
3,1
4,5
4,6
4,7
5,6
6,7
7,5
8,9
8,10
8,11
9,10
10,11
11,9
12,13
12,14
12,15
13,14
14,15
15,13
16,17
16,18
16,19
17,18
18,19
19,17
20,21
20,22
20,23
21,22
22,23
23,21
24,25
24,26
24,27
25,26
26,27
27,25
28,29
28,30
28,31
29,30
30,31
31,29
32,33
32,34
32,35
33,34
34,35
35,33
36,37
36,38
36,39
37,38
38,39
39,37
40,41
40,42
40,43
41,42
42,43
43,41
44,45
44,46
44,47
45,46
46,47
47,45
48,49
48,50
48,51
49,50
50,51
51,49
52,53
52,54
52,55
53,54
54,55
55,53
56,57
56,58
56,59
57,58
58,59
59,57
60,61
60,62
60,63
61,62
62,63
63,61
64,65
64,66
64,67
65,66
66,67
67,65
68,69
68,70
68,71
69,70
70,71
71,69
72,73
72,74
72,75
73,74
74,75
75,73
76,77
76,78
76,79
77,78
78,79
79,77
80,81
80,82
80,83
81,82
82,83
83,81
84,85
84,86
84,87
85,86
86,87
87,85
88,89
88,90
88,91
89,90
90,91
91,89
92,93
92,94
92,95
93,94
94,95
95,93
96,97
96,98
96,99
97,98
98,99
99,97
100,101
100,102
100,103
101,102
102,103
103,101
104,105
104,106
104,107
105,106
106,107
107,105
108,109
108,110
108,111
109,110
110,111
111,109
112,113
112,114
112,115
113,114
114,115
115,113
116,117
116,118
116,119
117,118
118,119
119,117
120,121
120,122
120,123
121,122
122,123
123,121
124,125
124,126
124,127
125,126
126,127
127,125
128,129
128,130
128,131
129,130
130,131
131,129
132,133
132,134
132,135
133,134
134,135
135,133
136,137
136,138
136,139
137,138
138,139
139,137
140,141
140,142
140,143
141,142
142,143
143,141
144,145
144,146
144,147
145,146
146,147
147,145
148,149
148,150
148,151
149,150
150,151
151,149
152,153
152,154
152,155
153,154
154,155
155,153
156,157
156,158
156,159
157,158
158,159
159,157
160,161
160,162
160,163
161,162
162,163
163,161
164,165
164,166
164,167
165,166
166,167
167,165
168,169
168,170
168,171
169,170
170,171
171,169
172,173
172,174
172,175
173,174
174,175
175,173
176,177
176,178
176,179
177,178
178,179
179,177
180,181
180,182
180,183
181,182
182,183
183,181
184,185
184,186
184,187
185,186
186,187
187,185
188,189
188,190
188,191
189,190
190,191
191,189
192,193
192,194
192,195
193,194
194,195
195,193
196,197
196,198
196,199
197,198
198,199
199,197
200,201
200,202
200,203
201,202
202,203
203,201
204,205
204,206
204,207
205,206
206,207
207,205
208,209
208,210
208,211
209,210
210,211
211,209
212,213
212,214
212,215
213,214
214,215
215,213
216,217
216,218
216,219
217,218
218,219
219,217
220,221
220,222
220,223
221,222
222,223
223,221
224,225
224,226
224,227
225,226
226,227
227,225
228,229
228,230
228,231
229,230
230,231
231,229
232,233
232,234
232,235
233,234
234,235
235,233
236,237
236,238
236,239
237,238
238,239
239,237
240,241
240,242
240,243
241,242
242,243
243,241
244,245
244,246
244,247
245,246
246,247
247,245
248,249
248,250
248,251
249,250
250,251
251,249
252,253
252,254
252,255
253,254
254,255
255,253
256,257
256,258
256,259
257,258
258,259
259,257
260,261
260,262
260,263
261,262
262,263
263,261
264,265
264,266
264,267
265,266
266,267
267,265
268,269
268,270
268,271
269,270
270,271
271,269
272,273
272,274
272,275
273,274
274,275
275,273
276,277
276,278
276,279
277,278
278,279
279,277
280,281
280,282
280,283
281,282
282,283
283,281
284,285
284,286
284,287
285,286
286,287
287,285
288,289
288,290
288,291
289,290
290,291
291,289
292,293
292,294
292,295
293,294
294,295
295,293
296,297
296,298
296,299
297,298
298,299
299,297
6,2
3,2
8,1
10,2
12,2
13,2
16,1
15,1
22,2
20,0
24,3
26,2
28,3
28,3
33,3
33,1
35,1
35,0
39,0
42,3
46,3
43,2
47,3
50,2
53,2
53,1
55,0
56,3
59,2
61,1
64,0
63,3
70,1
68,0
72,1
74,0
75,1
75,2
82,1
80,3
84,2
85,3
87,3
87,3
93,1
92,2
97,1
96,3
100,2
99,3
104,3
104,1
108,0
110,0
114,3
113,2
116,1
117,0
121,3
122,1
125,2
125,2
130,3
127,3
132,2
132,2
138,3
137,0
140,3
140,2
145,2
145,3
149,2
147,2
151,2
151,1
155,3
158,2
161,0
162,3
166,1
163,2
168,1
169,0
173,3
173,3
176,1
178,0
180,2
181,1
186,1
186,1
187,1
188,0
194,2
192,3
197,1
195,3
202,3
201,0
203,2
205,1
210,3
208,0
211,2
211,0
217,2
216,0
222,3
219,0
225,1
223,3
230,0
228,1
232,3
231,0
238,1
237,0
239,3
241,3
244,0
244,1
248,1
247,0
254,1
253,3
257,0
257,3
261,3
262,3
265,1
264,3
269,0
268,1
272,3
271,2
276,3
277,2
279,2
280,3
285,3
285,0
289,2
288,3
292,2
291,2
298,2
296,0
300,3
302,2
10,7
9,7
13,5
14,7
18,5
18,5
22,4
20,4
24,6
26,6
29,4
30,5
34,5
31,4
38,5
37,4
42,5
39,5
43,7
46,6
49,4
48,5
54,5
54,5
55,7
58,4
61,6
60,7
64,7
66,7
67,7
68,7
73,6
72,7
77,4
77,5
80,5
79,6
85,4
86,7
89,7
89,5
93,6
91,4
96,5
95,7
101,5
102,4
103,7
103,4
109,4
108,6
114,7
111,4
117,5
115,5
120,7
121,6
123,4
126,7
130,4
130,5
133,5
131,6
135,7
136,6
142,4
142,5
144,7
145,4
149,6
150,7
151,5
153,6
156,7
158,7
160,6
162,6
166,4
165,4
170,6
167,6
171,5
173,6
176,7
177,7
179,5
182,7
183,6
185,7
188,4
189,7
192,4
194,5
196,7
195,4
202,7
199,4
204,4
203,6
209,4
208,5
211,6
213,5
218,5
218,5
220,6
220,4
225,7
223,4
229,4
227,7
232,6
232,7
236,5
235,4
239,4
241,7
245,7
244,6
249,6
249,5
252,5
251,4
257,4
255,4
262,5
261,5
264,6
266,4
270,7
269,6
271,6
271,6
276,5
276,6
282,6
279,5
286,7
284,6
288,5
290,7
292,7
294,5
298,6
296,5
300,7
301,7
13,11
11,11
16,9
18,9
20,8
21,10
25,9
26,9
27,10
28,10
34,8
32,10
38,9
36,8
39,10
39,10
46,10
43,9
49,8
49,9
52,11
54,11
55,8
56,10
59,10
60,11
64,11
66,9
70,8
67,11
71,9
74,8
75,9
76,8
82,9
79,10
85,8
86,9
88,10
89,10
94,9
91,10
97,11
95,10
102,8
99,8
106,11
103,11
110,8
109,11
112,10
113,10
118,11
115,8
122,11
122,10
124,9
126,8
129,9
127,8
133,9
131,9
137,9
136,9
140,11
140,8
146,10
146,8
149,8
149,8
154,11
151,9
157,9
157,11
160,11
159,8
165,9
166,10
170,8
167,11
172,8
171,8
178,8
177,10
181,11
181,9
184,8
186,8
188,9
189,10
191,11
192,8
195,8
196,8
200,11
199,11
205,9
206,11
207,10
210,11
211,9
211,10
218,10
217,9
221,10
219,8
224,8
226,9
228,9
227,10
234,8
233,9
236,9
238,9
239,9
242,10
245,8
243,8
250,10
247,10
252,9
254,9
255,10
258,11
259,8
261,10
264,9
266,8
269,10
270,9
274,8
271,9
277,9
278,10
279,10
279,8
284,11
286,10
287,9
287,8
291,11
291,9
295,8
296,10
302,10
299,10
15,14
15,15
19,13
21,15
26,12
24,14
28,14
30,15
32,15
33,14
36,13
36,14
41,12
39,15
43,12
46,14
48,14
49,13
52,13
54,14
58,15
55,12
62,13
59,15
66,12
66,14
68,14
67,15
72,15
73,12
77,15
75,12
80,12
79,13
83,15
83,13
89,15
89,13
91,15
92,12
97,15
95,14
102,15
101,12
105,14
103,12
108,12
109,15
111,13
112,14
117,14
115,15
120,14
120,13
123,14
125,13
127,15
129,14
134,15
132,12
137,12
136,12
139,15
140,13
144,14
146,13
147,12
147,12
154,15
152,15
157,12
156,15
160,14
162,15
166,12
163,15
169,14
170,13
171,14
171,13
177,13
178,15
181,15
182,13
185,12
184,15
187,13
190,15
194,12
191,14
196,12
195,12
201,12
200,14
204,14
204,15
210,12
207,15
212,13
214,13
216,12
216,13
219,14
220,13
224,15
224,14
230,13
229,15
232,12
232,12
235,14
236,12
242,13
241,13
246,13
243,14
247,13
249,15
253,13
252,13
258,12
258,12
259,14
260,12
264,12
266,12
267,13
268,13
272,12
271,14
277,13
277,13
279,12
279,13
283,14
286,15
289,15
289,15
293,14
294,15
296,12
297,12
300,14
301,15
22,16
22,19
26,18
25,17
30,18
29,19
31,16
33,18
36,18
37,18
41,19
42,17
46,16
44,19
50,18
48,17
54,17
51,18
57,19
56,18
59,16
62,19
66,17
63,16
69,17
68,18
73,17
72,18
77,17
78,16
81,19
81,18
86,16
83,17
89,19
87,16
92,17
92,17
97,19
96,19
101,16
99,16
105,17
103,18
109,16
110,19
112,17
112,19
118,16
118,19
122,17
122,18
125,16
123,18
130,19
130,16
133,18
133,16
138,16
135,18
140,19
141,17
143,18
144,18
150,18
148,19
153,18
154,17
156,18
157,18
162,16
159,17
166,16
164,16
167,18
169,17
172,16
172,19
177,19
178,16
181,16
179,18
183,16
183,17
188,18
190,17
193,19
194,19
197,16
198,19
201,18
202,16
204,18
204,16
210,18
210,16
212,17
211,18
217,17
217,18
219,16
219,17
226,19
224,16
229,16
230,17
231,17
234,17
236,19
238,19
239,16
242,17
245,19
243,16
248,19
249,16
254,18
252,16
257,19
258,19
261,19
262,19
265,19
263,18
269,18
267,17
273,17
271,18
278,19
276,17
279,16
282,17
285,18
284,18
289,16
290,16
294,17
293,16
296,19
298,18
299,19
300,17
26,20
26,23
28,21
28,22
31,23
33,21
37,21
35,22
42,21
41,20
46,21
44,20
48,20
47,23
51,21
53,23
57,20
55,23
61,21
59,21
64,20
63,21
67,21
70,22
71,22
74,20
76,20
76,22
79,22
82,22
85,23
86,22
90,23
89,20
92,20
93,21
97,21
96,23
99,23
100,20
106,21
103,23
108,22
107,23
114,23
114,22
116,20
116,23
121,22
122,21
126,21
126,21
130,22
129,21
131,22
134,21
138,21
135,21
142,23
140,22
144,23
145,21
148,23
148,21
152,21
152,20
157,23
157,20
161,23
161,22
166,20
163,23
169,21
167,23
171,21
173,23
175,23
175,20
182,20
181,22
185,22
186,20
187,23
187,23
193,21
194,23
198,20
195,20
199,21
201,21
204,23
204,22
210,20
207,23
213,22
212,21
217,20
218,22
220,21
220,21
225,22
226,21
227,20
229,20
232,23
231,20
237,22
235,22
239,21
240,21
243,21
243,20
248,21
249,22
253,22
253,22
255,21
257,20
262,23
260,20
265,22
263,23
269,22
268,21
271,23
271,22
277,21
275,23
280,22
281,22
284,20
284,21
290,21
289,20
291,20
293,20
296,21
296,22
299,22
300,21
30,25
30,26
32,27
34,26
35,26
36,27
39,25
40,26
46,25
43,25
49,27
50,24
51,27
53,24
56,25
56,25
60,25
61,25
63,24
64,24
69,27
69,25
74,27
74,24
76,24
78,25
81,24
82,26
83,26
84,24
88,26
88,26
93,24
91,25
97,27
98,25
101,27
101,27
105,24
103,25
107,26
109,24
111,27
114,24
118,27
115,25
122,24
120,26
126,26
124,26
129,27
129,24
132,27
133,26
137,24
135,27
139,25
142,26
146,27
143,24
149,24
148,24
152,24
153,25
157,26
157,27
159,26
159,25
164,25
164,27
170,24
169,24
171,25
172,25
178,26
177,27
179,27
179,26
183,27
184,25
189,24
189,24
191,27
193,24
198,25
197,25
201,24
202,25
203,26
204,27
208,25
207,24
212,27
211,27
215,25
215,27
221,25
220,27
226,24
223,24
229,24
227,25
231,25
232,26
238,25
238,24
239,25
240,27
246,25
243,24
249,27
247,25
254,25
251,25
257,24
256,24
262,24
260,26
263,27
263,24
270,26
270,24
273,25
273,24
278,26
276,27
280,27
282,26
283,26
286,26
287,25
287,27
292,26
291,26
298,25
297,26
299,26
300,25
31,29
34,30
37,29
36,30
42,29
39,31
46,29
45,28
47,29
50,31
53,30
54,30
58,29
58,29
62,31
62,30
63,28
63,30
69,31
67,30
72,28
74,28
75,31
77,29
81,31
79,30
84,30
85,31
89,31
87,29
93,30
93,30
96,30
96,31
102,28
102,28
103,29
106,30
107,28
110,30
114,28
111,29
115,30
115,31
122,29
119,29
126,30
123,29
128,28
130,29
134,29
134,28
136,28
138,30
139,30
139,30
146,30
146,28
150,29
147,31
152,31
151,30
155,30
156,28
161,31
160,28
163,31
166,29
168,29
168,31
173,29
174,30
177,28
177,31
182,28
179,29
185,29
186,30
187,31
190,29
193,29
191,28
195,30
195,29
202,30
200,30
205,30
203,28
207,29
210,30
211,30
213,28
216,28
216,28
219,29
221,31
223,31
223,29
230,29
227,31
232,29
234,30
236,30
235,28
241,29
242,28
246,31
244,29
248,28
249,28
254,28
251,29
256,30
257,30
261,29
259,30
263,30
265,28
268,30
268,29
271,30
273,30
278,28
276,29
279,31
282,30
286,30
285,29
288,31
287,30
293,28
294,29
297,30
296,30
301,28
301,31
35,33
35,32
42,35
40,34
43,32
43,35
49,32
50,34
53,33
53,33
57,35
56,32
59,35
61,33
64,34
63,33
68,34
68,35
71,33
74,34
76,35
75,35
80,33
81,35
83,32
84,33
88,33
89,32
94,33
92,32
98,32
95,34
102,34
102,33
105,35
106,33
108,34
109,33
113,33
114,33
117,34
117,35
119,34
119,34
126,32
126,33
129,32
130,33
132,33
134,35
138,33
137,35
140,33
142,33
145,34
146,32
148,34
148,32
153,32
153,34
158,33
157,34
159,33
162,32
163,32
164,34
170,32
169,32
174,32
174,32
178,32
176,34
180,35
181,35
186,35
183,33
189,34
189,35
192,32
192,32
196,35
197,35
199,35
201,33
206,34
203,35
208,35
210,32
212,33
213,34
216,35
215,32
220,35
222,35
223,35
226,33
229,35
229,35
231,33
233,35
237,33
236,32
242,35
241,34
243,33
243,33
247,34
249,34
252,34
251,32
257,32
256,35
261,35
259,34
264,32
265,34
267,34
268,33
272,33
274,32
275,32
276,32
281,34
282,33
284,34
284,32
288,35
287,34
292,34
294,32
297,32
296,32
302,35
301,33
40,36
39,38
43,37
43,38
47,39
47,37
52,38
54,39
55,38
56,39
60,38
61,39
66,37
65,39
67,38
69,37
71,37
73,36
75,39
78,38
82,36
79,37
86,39
85,39
88,36
89,39
94,37
93,36
98,37
98,37
100,36
100,39
104,37
103,36
110,36
110,39
113,39
111,36
115,37
116,37
120,37
119,36
125,38
125,36
130,38
128,38
131,39
133,36
136,38
138,38
140,36
140,39
145,39
146,39
147,39
149,37
152,37
151,37
157,38
157,37
161,37
160,39
164,38
166,38
169,37
170,39
172,37
172,39
178,37
177,39
179,36
180,36
184,37
185,39
189,38
188,36
193,37
194,39
195,38
195,36
200,38
202,37
203,39
206,37
207,37
209,36
214,39
212,36
218,37
216,38
219,38
221,39
226,38
226,39
228,37
230,39
233,36
232,39
237,37
237,36
242,37
241,38
245,39
244,36
250,39
247,36
252,39
253,37
258,37
256,38
262,37
260,36
265,38
264,36
268,39
269,36
274,37
272,36
278,39
275,36
279,36
282,37
286,36
285,37
288,39
288,38
291,39
294,36
298,38
296,38
302,36
302,36
44,40
44,41
49,40
50,43
53,41
51,43
58,43
55,41
59,40
62,42
66,41
66,42
69,41
68,42
73,40
73,42
76,43
78,42
81,40
82,40
84,41
86,40
89,41
90,42
91,42
91,40
98,40
97,42
99,42
101,41
103,43
103,40
108,43
109,41
113,43
112,41
116,40
115,43
122,42
119,43
125,43
124,40
127,41
128,43
131,40
133,41
135,43
137,40
140,41
141,42
143,42
145,40
148,41
150,42
154,41
153,41
158,41
155,43
160,40
160,40
164,42
166,42
168,41
168,40
173,40
174,41
177,40
177,41
180,42
181,43
185,42
186,41
188,40
187,41
191,41
191,41
198,43
198,41
199,42
199,42
204,40
203,43
207,40
209,42
214,42
211,43
215,41
216,43
221,43
222,40
224,40
224,40
230,41
228,43
231,42
231,40
235,43
238,43
239,40
241,40
244,41
243,41
248,43
248,43
251,42
254,42
255,41
258,43
260,42
259,42
265,42
266,42
268,43
267,41
272,42
273,40
278,43
278,41
279,43
281,40
283,43
285,42
290,40
288,40
292,42
293,43
295,42
298,43
300,42
299,40
48,45
50,45
53,44
54,44
55,47
56,45
61,44
62,47
64,45
63,45
67,47
70,46
74,47
73,46
77,46
76,47
81,44
82,47
83,45
85,46
89,44
90,44
93,47
91,45
98,46
96,44
100,47
100,45
106,47
105,45
109,47
107,47
112,44
114,47
117,47
115,46
120,46
120,46
126,45
123,47
127,47
130,44
132,45
134,44
135,46
135,46
142,47
142,46
143,47
145,44
147,45
150,44
154,46
154,44
155,46
158,45
159,47
161,45
166,45
165,45
169,47
167,46
172,45
174,47
178,47
178,47
182,44
179,47
186,44
185,46
190,45
189,46
193,45
191,45
195,45
196,46
201,46
200,45
206,45
203,44
210,46
207,44
213,46
211,45
218,46
216,47
221,44
220,45
225,47
226,45
230,44
230,46
232,44
231,45
236,45
237,46
239,45
239,47
244,45
243,47
247,44
249,44
251,45
252,45
255,46
258,44
262,44
260,44
265,45
266,46
268,47
267,44
273,47
272,47
275,45
275,47
282,47
281,45
284,46
286,46
290,46
290,47
293,46
292,45
297,47
295,47
301,45
302,45
53,51
54,50
57,50
58,51
62,51
59,51
64,50
63,48
70,51
67,48
73,49
72,51
75,49
77,49
82,50
82,49
86,49
86,50
87,49
90,50
94,49
93,48
96,49
96,49
100,51
102,51
106,49
103,51
107,51
110,50
114,50
111,51
115,51
117,51
122,50
121,49
125,48
124,48
127,49
128,51
133,49
132,50
136,50
138,51
142,51
141,50
145,48
146,51
149,48
147,49
151,50
153,51
157,50
158,50
162,48
162,49
164,51
165,49
168,51
170,49
173,51
173,50
175,50
177,49
180,50
182,48
184,49
185,50
190,50
188,50
193,51
191,51
198,48
198,49
199,49
199,49
206,48
205,50
208,51
209,51
212,48
211,49
218,48
215,50
219,51
220,49
226,49
225,51
228,51
227,51
232,48
231,49
235,48
238,50
241,50
242,50
243,51
243,49
249,51
249,49
251,48
252,49
257,50
255,48
260,49
259,49
265,48
263,48
267,50
268,48
273,49
273,49
275,50
275,51
281,50
281,49
284,50
283,48
289,48
290,50
291,48
291,51
296,50
298,48
300,51
302,50
57,54
56,55
60,54
62,54
66,53
66,54
68,53
70,54
71,53
72,52
76,55
75,54
82,52
81,52
84,54
85,54
87,53
88,54
92,53
92,55
95,54
97,53
99,52
100,53
103,55
103,54
109,55
108,52
112,53
112,53
118,54
115,53
120,54
119,55
124,53
125,52
128,52
130,54
133,54
131,54
136,54
136,54
142,54
142,55
145,54
143,54
148,55
148,55
154,55
152,52
155,52
156,53
160,55
162,52
163,54
166,52
169,53
167,52
172,52
173,52
176,54
176,52
179,52
182,55
184,54
185,52
188,52
188,54
192,52
192,54
197,54
197,55
202,54
199,52
205,54
203,54
210,53
210,54
213,55
214,53
215,53
215,52
221,52
222,53
225,54
224,55
228,55
229,54
234,55
233,52
237,53
237,52
240,54
242,52
245,53
245,52
248,54
247,53
253,52
251,53
255,52
255,55
259,54
259,53
266,54
263,55
267,54
270,54
271,55
272,52
275,54
278,53
282,54
280,55
283,53
286,52
287,52
288,53
293,53
294,52
298,54
298,54
300,53
300,52
60,56
60,56
66,58
65,59
69,56
68,59
74,57
72,58
76,57
76,57
80,56
81,57
86,57
83,58
89,58
90,56
94,57
94,57
97,59
95,57
102,59
100,59
104,56
105,57
108,59
110,57
114,56
112,56
116,56
115,57
120,56
122,56
126,56
124,58
128,58
128,56
131,57
134,58
136,58
138,58
142,58
139,58
143,59
145,59
149,57
147,59
152,57
153,56
158,57
156,57
162,59
159,56
165,58
166,59
170,59
168,59
172,56
174,59
175,59
178,56
181,58
182,57
186,56
184,57
187,57
190,57
192,58
194,56
195,57
198,59
202,58
201,56
205,58
203,58
207,58
210,57
212,59
213,57
217,58
217,59
219,56
220,57
224,58
223,57
229,59
227,58
231,59
233,57
237,58
235,57
241,57
240,59
244,57
245,58
248,58
250,59
254,58
252,56
256,57
256,58
260,58
259,57
263,57
266,56
267,59
268,56
274,57
274,57
276,59
275,58
280,58
281,58
286,59
285,57
289,59
288,58
294,58
293,57
297,57
297,58
301,57
299,56
63,63
63,62
68,61
67,62
73,63
71,61
78,61
78,60
80,60
79,60
83,61
84,62
87,63
89,62
92,63
94,63
95,63
95,60
99,62
100,62
105,63
103,61
108,60
110,62
113,62
111,61
118,60
115,60
120,62
120,60
124,62
124,63
129,61
129,61
131,63
134,60
136,60
136,61
140,62
139,61
144,60
143,63
147,63
147,63
153,62
154,62
158,61
158,61
160,62
161,62
164,62
166,61
168,62
167,61
173,62
171,62
177,60
175,61
179,62
182,60
185,60
184,63
190,60
189,61
194,60
193,62
198,62
196,63
199,62
199,61
205,61
205,61
210,60
208,62
213,63
213,62
217,60
218,62
222,62
222,63
224,62
224,60
227,63
230,62
233,60
231,61
238,60
235,63
241,60
242,63
246,63
246,62
248,62
247,63
251,62
251,63
256,63
255,60
259,62
259,62
263,60
266,62
270,62
270,60
274,62
274,63
277,62
277,63
282,60
280,63
283,60
284,63
287,62
287,63
291,61
291,61
295,60
295,60
299,63
302,63
68,67
70,66
72,66
72,65
78,66
78,65
82,64
80,66
86,67
83,67
89,67
90,67
93,65
94,66
97,66
95,64
101,67
99,66
104,67
104,65
110,64
110,64
113,64
114,66
118,65
116,64
121,65
122,67
124,66
123,67
127,65
129,64
131,65
134,65
137,67
138,66
142,65
141,65
146,64
143,65
150,64
148,65
152,64
153,67
156,65
158,65
162,67
162,64
166,65
164,65
167,66
169,67
172,67
171,65
178,66
176,65
182,67
181,64
183,66
185,67
189,65
189,65
192,66
193,67
198,67
196,64
200,65
202,66
204,66
205,64
208,67
207,66
211,64
214,66
216,64
217,65
220,64
220,66
224,66
223,66
227,66
227,66
233,67
232,67
238,64
236,64
239,67
241,65
245,64
243,64
250,64
248,66
252,64
253,65
258,64
258,66
259,67
262,65
264,66
265,64
267,65
267,64
273,64
274,65
276,67
276,64
282,66
281,64
284,66
284,65
288,64
289,64
291,65
293,65
295,66
296,67
299,65
299,65
71,68
72,70
75,69
78,69
81,71
79,69
83,69
83,71
87,71
89,71
94,69
91,69
96,70
98,70
100,68
100,71
104,71
105,69
110,70
107,70
113,69
112,69
116,71
115,68
120,68
119,69
123,69
123,69
128,70
130,69
131,70
133,71
136,69
138,71
141,70
141,71
144,68
143,69
149,70
150,69
153,71
152,68
157,71
158,71
160,68
161,71
166,68
163,70
168,69
168,70
174,68
174,70
176,69
176,70
180,70
181,70
185,68
185,71
189,71
190,69
193,71
192,68
196,71
198,68
202,69
200,69
205,70
204,68
208,68
208,71
214,68
214,71
217,71
218,71
222,70
222,68
226,70
225,68
230,68
230,69
232,71
232,70
236,69
237,69
241,70
240,69
245,70
244,68
248,71
249,69
251,68
252,71
257,69
256,71
261,68
260,70
263,68
264,71
267,69
267,71
272,71
271,71
278,71
276,71
280,68
280,68
284,69
283,70
290,71
287,70
294,71
293,71
296,70
295,71
300,71
302,70
77,74
76,73
81,73
79,73
86,74
84,74
90,74
87,74
92,75
94,72
97,72
95,72
101,73
102,74
106,73
106,75
109,75
107,72
113,73
113,72
117,75
117,72
120,72
121,72
125,75
124,72
127,73
127,75
131,75
133,73
137,75
137,72
141,73
141,73
143,73
144,75
147,74
149,73
153,75
151,73
158,74
157,74
162,74
162,73
165,74
164,73
168,75
169,72
171,72
173,72
176,72
176,73
179,75
182,75
185,72
186,75
189,74
188,73
192,75
194,75
195,74
198,74
200,74
202,75
205,75
204,73
207,75
209,75
211,74
212,75
215,75
215,75
219,73
221,73
223,72
224,74
227,72
229,73
233,73
234,75
235,73
238,72
241,74
242,74
243,72
244,72
247,74
248,72
252,73
251,72
256,72
256,73
259,72
261,73
264,72
264,74
270,73
268,73
274,72
273,75
275,72
275,73
282,75
281,72
284,74
284,73
290,73
290,75
294,72
291,72
296,74
298,75
302,75
299,73
80,77
82,76
83,78
86,77
89,78
90,76
92,78
91,79
98,77
95,78
102,77
99,78
103,77
104,78
109,77
110,76
113,77
113,77
115,76
118,77
121,76
119,77
123,77
123,77
127,78
128,79
131,77
131,78
135,76
135,76
139,79
140,77
146,79
143,77
150,77
148,79
151,78
153,78
155,77
155,77
160,76
161,79
163,76
164,78
168,78
169,76
172,76
173,77
175,79
175,78
179,78
181,79
185,77
186,77
189,79
187,79
193,79
191,76
195,79
197,77
200,77
199,79
204,79
203,78
209,79
210,78
214,79
211,77
216,79
216,77
219,77
219,79
225,77
226,78
228,76
230,77
231,78
231,76
236,76
235,78
239,78
240,77
245,77
246,77
249,79
248,79
252,77
253,79
258,78
257,78
261,78
259,77
265,77
265,78
268,78
269,77
272,78
272,77
278,76
275,76
280,78
280,79
285,78
285,79
290,77
287,77
292,76
293,78
297,78
297,76
299,78
301,79
85,81
85,80
88,83
88,80
93,83
94,83
96,81
97,82
101,83
102,81
105,83
103,81
108,80
108,83
112,81
114,83
115,82
115,80
120,82
121,81
123,82
126,83
127,83
128,82
131,83
134,83
138,82
136,82
142,80
142,81
144,82
144,83
148,81
150,82
152,80
151,82
155,83
158,82
161,82
159,82
165,80
163,82
167,83
167,82
172,80
172,82
176,83
177,82
181,83
181,80
185,80
186,81
188,82
189,83
194,82
193,82
198,81
198,81
200,81
200,81
204,82
206,81
208,80
210,83
214,81
211,82
217,80
216,81
219,81
221,80
224,81
224,83
230,80
230,81
232,81
232,83
235,82
237,83
240,81
241,80
243,82
245,83
247,83
250,81
252,83
251,83
256,82
255,80
261,80
259,82
264,81
265,83
268,81
267,83
271,80
274,80
275,82
276,82
280,83
281,82
284,82
283,81
287,81
290,81
291,81
294,81
297,83
298,82
301,82
300,83
87,85
90,85
94,85
91,84
96,84
97,85
100,85
100,87
105,86
105,86
108,85
109,84
114,84
111,86
117,85
116,86
119,86
120,85
123,84
126,84
130,87
127,87
132,84
133,84
135,85
135,85
141,87
139,87
143,85
145,87
150,84
148,84
152,85
153,84
156,85
158,85
161,85
160,84
165,84
163,84
169,86
167,84
171,84
173,85
176,85
175,87
179,84
181,87
183,87
185,86
188,87
190,85
194,85
191,84
196,86
198,84
201,87
202,86
206,85
206,87
210,86
210,86
212,85
211,86
218,84
217,85
222,85
219,85
225,87
224,87
230,87
230,87
233,85
233,85
237,85
235,84
239,87
240,87
244,85
244,84
249,85
247,87
251,85
251,84
257,87
256,84
260,85
260,84
266,87
263,86
270,85
269,85
273,87
273,84
278,85
278,87
279,85
281,85
284,84
283,84
288,87
289,85
294,87
293,84
295,85
298,85
299,84
299,86
94,89
91,88
97,88
96,90
101,88
100,89
105,90
104,88
110,91
109,88
113,91
112,88
118,89
116,89
120,88
122,90
124,89
124,89
127,88
130,90
134,88
134,91
137,91
138,89
141,90
140,91
143,90
145,91
149,89
147,90
154,90
154,88
158,91
155,91
160,90
161,91
164,88
165,91
169,89
168,90
172,91
173,89
178,89
175,90
182,91
182,91
186,90
185,89
188,90
189,88
192,89
194,89
198,88
197,91
199,89
202,89
205,88
203,89
209,88
207,89
211,89
214,89
218,88
217,89
219,90
222,90
223,91
223,88
229,89
229,90
233,91
233,88
236,89
235,91
242,89
240,91
244,88
246,88
247,90
247,88
252,89
251,90
258,89
255,90
262,88
261,90
265,91
263,88
269,88
268,88
271,89
273,90
275,90
275,89
280,90
279,91
286,91
284,88
290,91
287,91
292,88
292,88
297,91
298,88
299,89
302,90
95,95
97,93
101,92
100,95
104,94
104,94
108,94
110,92
113,93
111,94
116,95
116,94
122,93
121,94
126,92
126,94
128,93
130,93
132,92
132,95
138,93
137,92
142,95
142,94
146,95
143,93
148,94
147,95
152,94
151,92
155,92
158,94
161,95
159,95
166,95
164,93
168,92
169,95
173,92
173,92
177,95
176,92
182,95
182,94
183,93
186,94
189,93
189,92
191,92
192,94
197,92
195,94
200,95
201,95
203,95
206,93
208,92
207,94
213,95
211,92
217,95
216,95
221,93
219,92
225,92
223,94
230,94
227,94
234,93
234,92
236,92
237,92
241,92
240,93
245,93
245,92
250,95
250,95
253,94
253,92
256,95
255,93
259,93
259,93
266,94
265,95
270,95
270,95
271,92
273,95
277,93
278,93
279,93
282,93
285,93
284,94
289,93
289,94
293,93
292,94
298,94
296,94
300,95
301,94
102,98
99,96
105,96
105,98
107,96
107,98
113,99
113,98
116,99
117,97
122,98
121,96
124,98
126,96
128,98
128,98
134,96
131,96
137,99
137,98
140,96
139,96
146,96
144,97
149,99
149,97
154,97
153,97
158,96
158,97
161,97
159,96
164,97
163,97
168,99
169,98
173,98
174,97
175,96
176,98
180,98
179,96
183,99
183,99
188,99
189,99
192,99
191,98
195,99
196,99
202,96
200,97
206,99
205,97
207,99
208,98
213,96
212,97
216,97
218,99
219,98
219,99
225,97
224,99
228,97
229,99
231,98
234,98
235,97
236,98
241,99
240,98
245,97
244,97
248,97
247,96
252,96
251,98
256,99
255,96
259,97
260,99
265,97
266,96
267,96
270,97
271,96
273,99
275,99
275,97
280,99
279,97
283,96
284,98
289,96
290,99
293,97
292,99
298,97
295,97
301,97
300,99
106,103
103,101
110,103
108,102
112,101
114,100
116,100
118,100
122,102
122,100
125,100
125,100
130,101
128,100
133,101
133,101
138,102
137,102
141,103
139,101
145,103
145,101
149,100
147,102
152,100
154,102
155,103
157,102
161,101
162,100
164,103
164,101
170,103
170,101
174,100
171,103
177,103
175,102
179,101
179,102
185,100
185,100
189,100
190,102
194,100
192,103
198,102
198,100
200,101
201,102
203,102
203,100
209,101
210,100
214,101
213,102
215,100
218,103
222,103
219,101
224,101
223,102
227,103
227,100
231,100
232,101
236,102
236,102
239,100
240,101
245,101
246,101
248,100
247,100
252,102
252,101
255,103
257,102
262,103
259,101
263,102
265,102
270,101
270,102
271,100
271,103
276,103
277,102
279,101
282,101
283,103
283,100
290,102
290,101
294,100
292,102
298,102
295,102
299,100
300,101
110,106
110,107
111,104
111,106
118,105
118,107
119,107
119,107
125,106
124,104
127,104
130,106
132,106
133,105
137,107
136,106
142,106
139,106
144,106
143,106
147,104
148,104
154,107
151,105
157,105
158,105
159,106
160,105
166,107
166,105
168,105
170,106
172,107
173,104
177,104
178,104
182,104
182,104
186,106
183,105
187,107
187,106
193,106
193,105
196,105
196,105
199,107
199,106
206,105
204,105
210,105
210,105
211,104
211,107
215,104
217,106
220,106
220,106
224,106
226,106
228,105
227,106
233,104
233,105
237,104
237,106
242,104
240,106
243,107
244,104
249,106
249,104
254,105
252,106
258,106
257,107
262,104
261,107
265,107
265,104
268,104
270,104
272,104
273,104
277,104
278,106
281,107
280,107
284,106
285,107
289,107
290,106
291,106
294,107
297,105
295,104
301,104
301,107
114,111
112,108
117,110
117,109
120,111
122,111
124,110
123,111
130,110
129,111
133,111
133,111
136,111
137,109
142,108
142,109
144,108
143,109
147,108
149,109
154,109
152,108
155,110
156,109
161,110
161,111
165,109
165,108
168,108
167,108
174,108
174,109
177,108
176,109
179,109
180,109
184,108
183,110
188,109
187,110
191,109
193,109
195,110
198,108
199,111
199,109
205,108
204,110
209,108
208,110
213,111
214,110
215,111
217,109
219,111
220,108
224,111
225,109
229,108
229,109
233,108
231,111
237,110
237,108
240,109
241,109
246,108
243,110
248,110
249,109
253,109
252,108
255,109
257,111
259,110
259,111
263,110
266,108
267,111
268,109
271,111
274,110
276,110
275,109
282,108
282,111
285,110
285,110
290,108
287,111
291,111
293,111
297,109
297,111
300,111
301,109
116,113
117,113
121,112
122,112
126,112
124,112
130,113
130,113
131,113
131,113
136,114
137,112
139,115
141,113
143,114
145,113
150,112
147,115
152,115
154,114
156,113
157,113
159,115
162,112
164,114
164,114
170,113
170,115
173,113
174,115
178,115
177,115
182,114
181,115
184,115
186,115
187,113
187,114
193,114
193,114
196,113
196,112
202,113
200,115
204,115
204,115
208,114
209,112
212,113
213,114
215,112
215,113
221,115
220,115
226,113
226,115
230,112
228,112
233,112
231,113
237,112
235,113
240,112
239,115
244,112
246,115
248,112
249,112
253,115
251,115
257,112
256,115
261,114
259,113
265,112
266,115
268,113
268,113
272,112
273,112
275,115
276,114
279,112
279,112
284,114
284,113
290,112
287,114
293,112
292,113
296,114
295,114
299,115
300,114
119,119
121,118
124,116
125,119
129,116
129,117
132,117
134,119
135,118
137,118
142,117
142,119
145,119
146,116
150,119
149,116
154,118
154,116
157,117
155,119
161,118
160,119
163,116
165,118
169,118
168,119
172,116
171,117
178,118
176,116
180,118
180,116
185,118
183,118
187,119
187,116
193,119
192,116
198,117
196,119
200,116
201,119
205,117
204,119
208,118
208,116
213,118
211,117
216,118
215,119
221,118
221,118
223,116
225,116
227,117
227,117
233,118
231,118
235,118
237,119
240,116
242,117
246,118
245,116
248,116
249,118
252,118
251,116
257,116
255,119
261,116
259,118
264,118
265,118
269,116
267,118
273,118
272,119
277,119
277,117
280,118
281,117
283,116
286,118
290,119
288,118
293,118
291,119
297,116
295,119
299,117
300,116
126,121
126,122
129,121
129,122
134,123
131,122
137,123
135,123
142,121
142,123
143,122
145,120
148,122
147,122
153,122
151,121
156,122
158,120
159,121
161,120
166,122
163,121
170,121
168,122
174,121
173,123
175,120
175,123
182,123
182,123
183,120
185,120
187,122
188,121
193,122
192,120
196,123
196,121
201,122
199,121
204,120
205,122
210,121
207,121
213,122
213,120
217,121
217,123
222,123
219,123
224,122
225,121
228,121
228,120
234,123
234,123
235,123
237,121
240,123
240,120
244,122
244,123
250,122
248,122
251,123
251,121
256,121
258,121
261,121
262,122
266,123
265,120
269,120
270,122
273,121
272,120
276,123
277,123
280,120
280,120
285,120
285,120
287,121
288,120
292,122
294,121
298,123
296,121
301,122
299,122
127,126
127,127
133,125
134,127
135,125
137,127
140,126
141,125
145,124
144,126
149,127
149,127
152,124
153,127
156,126
158,124
159,126
160,125
166,127
166,124
167,126
168,127
173,126
171,127
177,126
175,124
179,126
179,126
185,124
186,125
188,127
190,125
194,126
192,126
197,126
196,124
199,126
199,127
204,127
205,127
208,125
209,126
213,124
213,127
217,125
216,127
221,124
222,126
226,126
224,124
230,126
229,127
234,124
233,127
235,125
236,125
242,125
242,125
243,127
245,127
250,127
247,126
251,125
254,127
258,125
258,127
262,127
260,127
264,125
263,126
269,127
268,124
271,126
271,124
276,125
275,125
279,126
282,124
284,127
283,124
287,125
287,126
294,125
294,126
296,127
295,127
302,126
299,126
133,130
133,130
136,128
136,131
139,131
142,131
145,129
143,129
150,129
148,128
151,128
152,128
156,128
158,130
161,129
161,129
164,131
166,128
168,130
170,130
174,131
174,129
177,131
178,128
182,128
182,128
184,128
185,128
189,131
188,130
193,130
192,129
196,128
198,128
200,128
199,129
203,130
206,128
210,129
209,128
211,130
211,130
215,130
215,130
220,128
219,130
223,130
224,129
228,130
229,129
231,130
233,128
236,130
236,128
239,129
239,130
243,129
243,129
248,129
248,131
251,128
251,131
255,131
255,131
261,130
260,128
264,130
266,131
268,129
269,128
271,131
274,131
276,130
277,131
280,130
282,131
285,130
284,130
290,128
287,129
293,128
292,129
296,131
297,131
299,128
301,128
137,134
138,134
142,132
139,132
144,133
143,133
149,134
150,133
154,133
154,132
156,133
156,134
162,132
162,134
164,132
165,135
168,133
168,135
174,135
172,134
175,134
177,133
181,132
180,133
186,133
185,132
187,135
187,135
192,134
191,133
195,135
198,132
199,134
201,133
203,132
206,135
208,132
209,135
213,133
214,134
217,133
216,132
219,135
221,133
226,132
225,132
228,135
229,134
234,133
234,135
235,134
238,135
241,133
241,133
243,132
244,135
250,133
247,135
254,132
253,134
258,134
255,135
262,132
259,135
264,132
263,133
268,134
267,132
273,134
271,135
276,133
278,132
281,134
279,132
285,134
283,133
290,133
289,133
294,132
294,132
298,132
296,132
300,135
301,132
140,138
139,138
145,138
144,137
148,136
147,136
152,139
153,137
156,136
157,138
161,138
159,138
165,138
166,136
170,138
168,137
171,136
171,137
175,136
178,136
181,137
179,136
184,138
185,136
187,136
190,138
193,139
191,138
195,138
198,136
200,138
200,139
206,139
206,136
210,138
208,136
211,136
214,136
215,139
217,137
220,138
219,136
223,137
225,139
227,139
229,138
231,136
234,136
237,138
235,138
240,138
241,138
246,139
246,138
250,138
250,136
251,138
252,137
255,136
258,139
260,138
261,139
263,137
264,137
270,136
269,139
271,136
273,138
278,139
277,136
282,138
282,136
285,139
286,139
289,136
288,139
293,137
292,138
296,139
295,136
300,138
299,139
145,142
144,142
148,142
150,142
152,140
153,142
157,142
157,142
160,140
159,140
165,141
165,143
167,142
169,140
171,143
171,141
178,142
177,142
180,143
179,143
184,141
185,143
188,143
188,141
193,141
193,142
196,141
198,143
200,141
201,141
205,143
204,143
207,143
209,143
213,140
213,140
215,141
216,142
222,142
222,142
226,143
225,140
229,143
230,142
232,141
232,140
235,142
238,141
241,143
240,141
245,143
246,142
248,141
250,141
252,140
254,141
258,141
257,140
259,140
259,141
263,140
265,143
268,141
269,143
274,143
272,142
278,142
276,140
279,141
282,142
284,142
286,141
287,142
287,142
292,143
293,141
298,142
298,140
302,142
300,143
149,147
148,146
152,144
154,147
157,146
158,146
162,146
159,145
163,145
166,146
167,146
170,145
173,144
172,145
178,147
176,147
181,146
181,145
185,147
183,145
190,146
190,146
194,147
191,146
198,146
198,144
199,147
201,145
206,147
204,144
207,144
208,146
213,146
211,145
218,147
216,145
219,144
222,145
223,147
224,144
227,147
227,144
231,146
232,144
238,144
236,144
239,147
241,144
244,145
244,144
250,146
249,146
254,145
253,144
255,144
255,144
260,144
260,147
266,144
264,144
270,146
269,146
274,145
272,145
277,147
278,144
282,145
280,144
286,146
285,147
288,145
290,147
294,147
292,145
295,145
298,146
300,145
301,146
154,151
154,149
158,149
158,151
160,149
159,149
165,148
164,148
167,148
169,151
174,148
173,148
176,151
175,148
180,148
180,148
185,148
184,149
190,148
187,151
194,148
194,149
197,150
198,151
199,148
200,149
203,148
206,150
208,148
210,149
213,151
212,149
215,148
215,149
222,151
220,149
225,150
225,151
227,151
227,149
231,148
231,151
235,151
236,151
242,150
242,149
244,148
244,150
250,148
248,150
251,149
253,149
258,151
257,149
261,150
261,150
266,150
264,148
268,151
269,148
272,151
271,148
275,148
275,148
279,149
279,149
283,151
286,148
288,150
287,149
292,151
294,148
297,150
296,148
302,150
302,150
155,155
157,155
162,153
161,155
164,153
165,153
169,154
168,155
171,154
173,153
175,153
178,153
182,152
179,154
183,155
186,154
190,153
188,155
193,153
191,152
195,155
195,152
200,155
201,152
206,153
205,152
207,153
207,155
211,153
211,152
217,153
217,152
221,154
221,153
225,155
224,154
229,155
228,154
231,154
232,152
236,153
236,154
241,154
239,154
244,152
243,154
250,155
249,152
251,152
253,153
256,152
258,153
261,152
259,152
263,154
265,155
270,153
267,154
274,152
271,155
278,155
277,153
279,153
281,152
286,154
285,153
288,155
287,152
291,152
293,154
295,154
297,154
299,155
299,155
159,158
162,158
163,157
163,157
167,158
167,158
171,156
173,157
175,159
178,159
180,159
181,158
184,159
183,157
188,159
189,159
194,159
191,157
197,158
197,158
201,159
202,159
206,159
204,157
210,158
209,156
212,156
214,159
217,158
218,156
220,156
221,157
224,156
226,157
229,159
229,159
233,158
233,158
236,157
238,159
239,156
240,157
244,158
244,156
248,156
248,158
251,158
253,159
258,159
255,159
259,156
259,156
265,157
264,157
268,159
267,157
271,157
274,156
278,159
275,156
280,157
282,158
285,159
286,157
290,158
289,159
293,156
294,158
296,159
295,158
300,156
300,158
165,161
166,161
169,160
170,161
173,160
172,160
175,160
176,160
182,162
179,162
184,162
184,161
187,163
187,162
194,160
192,161
197,160
195,160
199,160
199,160
206,160
206,161
207,161
208,160
211,163
213,163
217,163
218,163
220,161
221,163
226,161
225,161
230,161
230,160
233,161
233,160
238,163
236,163
242,160
242,163
245,162
246,161
250,161
250,162
251,161
251,163
258,163
257,162
261,163
259,162
265,161
264,162
267,160
267,162
273,160
271,163
275,160
278,162
280,162
281,160
286,163
284,163
289,162
288,161
292,162
291,160
298,162
298,161
300,162
299,163
167,166
167,165
173,166
174,166
177,164
175,165
179,164
181,166
186,165
186,166
187,165
189,164
192,167
194,164
195,167
198,166
202,164
201,166
204,166
204,166
208,166
207,164
212,164
211,164
218,167
217,167
220,165
221,164
224,165
225,167
228,166
227,164
233,166
232,167
238,166
235,166
241,166
242,166
243,167
243,164
249,165
249,164
254,167
251,166
256,167
255,164
259,164
262,166
263,166
264,167
269,165
268,167
273,166
273,166
277,165
275,167
282,164
281,164
286,165
284,164
289,164
290,166
292,164
293,164
298,165
297,167
301,167
300,167
173,170
174,168
178,168
175,168
179,168
180,171
186,171
186,169
190,171
187,168
194,168
191,168
196,170
198,171
201,169
202,169
204,170
206,170
209,171
209,171
213,171
211,171
218,168
215,169
221,171
219,168
224,168
224,168
228,169
229,170
233,168
232,169
238,171
237,170
241,171
240,168
244,171
246,168
249,168
250,170
254,170
253,169
258,170
258,170
260,169
259,171
265,169
263,169
268,170
270,168
272,169
271,169
276,168
275,170
282,171
280,169
285,170
286,168
290,169
288,169
294,171
292,171
296,168
295,169
301,170
301,171
177,174
176,174
179,175
179,175
185,172
185,172
190,175
189,174
194,172
193,173
197,173
197,174
202,175
200,173
203,172
205,174
207,172
210,173
214,173
214,175
217,172
215,175
221,172
222,174
223,173
226,175
228,174
227,172
232,175
233,175
237,174
235,173
240,175
242,175
243,172
243,173
248,174
248,174
251,172
251,175
255,173
255,174
259,173
262,173
263,172
266,174
269,172
270,173
272,175
273,173
276,175
278,172
281,174
279,175
285,172
286,175
287,172
289,173
293,173
294,174
295,174
296,173
302,174
299,174
179,179
179,178
183,177
186,178
189,176
187,179
193,178
192,177
195,179
195,176
199,177
199,177
204,176
203,178
210,176
207,179
212,178
214,176
218,178
218,179
221,178
222,177
226,177
225,177
229,177
227,177
233,179
232,178
238,179
238,177
241,177
241,176
245,177
243,176
247,178
249,177
251,176
251,179
255,178
258,178
261,178
262,176
266,179
265,178
269,177
267,179
273,179
274,176
278,179
278,179
279,176
280,177
283,176
285,178
288,177
289,178
294,178
291,179
298,178
295,179
302,178
299,176
186,183
183,181
189,181
189,183
191,180
191,180
196,181
197,181
199,180
202,182
203,182
206,183
207,182
208,181
213,181
214,180
216,181
217,180
220,180
220,182
226,180
223,183
227,183
230,182
233,182
232,181
236,183
238,182
241,181
240,180
245,183
244,182
248,183
249,181
252,180
252,182
258,182
256,181
261,182
261,181
265,181
265,180
268,182
267,182
274,180
271,182
276,183
278,182
281,182
281,181
283,180
283,183
290,183
287,180
291,180
291,183
298,180
297,183
299,181
299,183
188,187
190,187
193,184
191,186
198,185
198,187
202,184
201,185
205,187
203,186
207,187
207,186
214,185
211,184
217,186
217,186
220,187
219,184
223,184
225,187
227,184
228,186
234,185
231,184
235,184
238,185
242,187
240,187
244,187
246,185
249,186
247,186
252,185
253,184
258,186
258,187
260,185
260,187
265,186
263,185
269,187
270,186
272,186
271,184
278,187
276,187
280,184
282,185
283,186
285,187
290,186
289,187
294,186
291,186
295,186
298,187
300,186
300,185
194,191
192,188
198,191
196,191
201,190
202,188
203,188
204,191
210,191
207,191
214,190
214,188
218,190
217,188
219,189
219,188
225,188
226,189
228,188
228,189
234,188
231,189
237,189
236,191
241,189
242,190
245,190
246,191
247,188
250,189
254,191
253,191
257,191
255,189
261,189
260,188
263,189
266,191
270,191
270,189
271,191
273,190
277,191
277,191
279,190
279,188
285,190
283,191
289,190
287,191
291,191
294,190
297,190
298,191
302,188
301,188
195,195
195,192
199,194
200,193
204,195
205,194
207,192
208,195
212,194
213,195
218,194
217,194
221,192
222,195
223,194
226,195
230,193
229,194
231,194
233,192
235,195
238,195
239,193
242,194
243,192
244,192
247,195
250,195
253,192
251,193
257,192
255,195
262,194
259,192
266,192
265,194
267,193
267,194
273,193
272,195
275,193
275,192
281,192
279,192
284,192
286,193
287,194
289,192
291,195
293,193
296,194
296,194
299,194
299,195
202,199
199,197
204,198
206,199
210,197
207,196
213,199
213,196
217,197
216,198
219,197
220,198
225,197
223,198
230,198
229,196
233,198
231,198
235,197
237,199
239,196
242,199
243,198
246,196
249,196
247,199
254,196
254,196
255,199
256,197
261,199
259,197
265,199
266,197
268,197
269,198
273,197
272,197
276,198
277,199
280,196
280,196
286,197
286,196
288,197
289,196
294,196
294,196
297,197
296,197
302,199
301,196
203,202
204,200
210,202
209,200
212,200
212,203
217,201
218,203
221,200
219,202
226,201
224,201
229,203
228,200
233,200
232,202
238,200
236,201
239,200
242,200
246,201
244,203
249,203
250,200
253,203
254,200
255,200
256,203
260,203
261,202
264,201
265,200
269,201
267,203
274,201
271,201
275,203
275,203
282,200
279,203
285,201
283,202
287,202
288,201
291,201
291,201
296,200
297,200
302,201
299,200
208,206
209,207
211,204
213,206
216,206
216,206
219,206
220,206
226,206
223,206
227,204
229,206
231,206
233,205
236,207
236,207
240,204
242,207
245,206
243,204
247,204
248,205
252,205
251,204
255,204
257,204
262,207
259,206
264,207
266,205
269,204
268,205
274,207
272,204
276,206
278,206
282,205
281,207
286,206
283,207
288,206
289,204
294,205
293,204
297,205
298,206
299,207
302,204
212,211
214,211
217,210
216,210
222,208
221,211
226,208
223,208
230,211
229,209
233,209
233,210
235,208
238,208
241,211
241,208
245,211
246,210
249,210
247,208
253,211
252,210
257,211
255,208
262,209
259,208
266,208
264,209
270,209
270,208
271,211
271,210
275,211
275,210
280,210
279,209
286,208
284,210
288,209
288,209
291,209
294,209
296,210
298,208
302,211
301,210
218,213
217,215
222,212
222,215
224,214
225,215
230,215
230,215
231,213
233,212
238,212
236,214
240,215
242,215
244,212
244,214
247,213
250,213
254,215
251,212
258,212
258,215
262,213
260,215
266,214
266,215
268,214
270,213
274,215
274,214
276,214
278,212
282,212
282,214
283,212
284,212
290,214
288,212
292,215
293,213
298,213
295,212
300,213
299,215
219,218
220,218
224,218
224,219
227,217
229,219
234,218
233,216
236,219
237,218
242,217
242,217
245,219
246,216
248,219
248,216
253,216
252,217
257,218
258,219
259,219
260,216
263,216
265,218
270,216
267,218
273,216
271,216
275,218
276,217
282,219
281,216
284,219
285,216
287,219
290,217
292,216
292,216
297,219
295,218
299,217
301,218
225,221
223,221
229,223
229,223
233,223
232,220
237,222
237,221
241,222
240,223
246,220
243,221
247,221
249,221
253,223
251,221
258,223
256,223
262,223
261,220
263,222
264,222
270,223
269,221
273,223
273,221
275,223
278,220
279,220
279,220
283,223
285,223
290,221
289,220
294,220
291,223
296,221
297,222
301,221
299,220
229,225
227,224
232,226
234,224
235,224
235,227
240,224
241,224
246,227
244,224
248,227
247,224
254,225
254,224
258,225
256,224
259,227
261,227
264,224
264,227
270,225
268,224
274,227
273,227
276,226
277,227
282,225
281,224
286,227
284,226
287,227
290,226
292,226
291,225
295,225
298,224
299,224
302,224
233,229
232,231
238,229
235,230
240,231
240,230
244,231
243,231
249,228
250,229
252,231
254,228
257,229
258,231
262,228
259,228
264,231
264,230
268,228
270,229
274,230
274,228
275,231
278,230
279,231
280,229
283,230
283,228
287,229
287,228
293,231
292,229
298,228
295,230
302,231
299,230
237,233
238,233
242,235
240,234
243,233
245,233
250,235
250,233
251,233
251,233
256,232
255,232
261,233
262,232
265,232
265,232
270,235
269,234
272,234
273,233
277,233
275,233
279,234
282,232
286,232
284,232
287,234
290,233
294,234
293,232
296,232
296,235
301,235
300,234
241,239
242,238
243,238
243,238
249,236
250,237
254,236
254,239
257,238
256,238
262,236
260,237
265,237
266,237
269,236
270,237
271,236
272,238
275,239
277,237
282,237
282,239
283,238
285,237
288,238
290,239
292,237
291,239
297,237
298,239
300,238
301,237
245,241
246,243
248,243
250,240
251,243
253,242
255,242
257,243
261,240
262,242
263,241
265,243
267,241
269,240
272,241
274,241
275,242
275,243
279,241
281,243
283,240
285,243
290,242
290,241
293,242
292,242
297,240
298,243
299,241
302,242
247,246
249,244
251,244
254,244
257,247
257,244
260,247
260,247
263,247
264,247
270,244
268,246
271,246
271,246
275,247
278,247
280,244
282,244
286,244
283,247
287,246
289,244
291,244
291,245
298,245
295,244
301,244
301,246
254,248
251,251
258,248
258,249
261,248
259,248
263,248
265,250
268,249
269,249
273,251
272,251
275,249
277,250
281,249
282,248
283,251
284,251
290,249
289,249
293,248
291,251
298,249
295,249
300,251
299,251
255,252
257,252
260,255
259,252
265,254
264,255
269,255
268,252
271,253
273,255
277,252
276,254
281,253
279,254
286,254
286,252
290,252
287,254
291,252
293,255
297,252
298,254
299,255
299,255
260,257
261,259
263,258
266,258
269,259
270,256
274,257
274,259
276,258
277,257
279,256
279,258
284,257
284,258
289,258
287,256
293,258
292,258
295,257
297,258
301,259
302,258
264,261
263,261
269,260
267,261
273,260
274,261
278,263
277,261
281,261
281,262
284,262
285,262
288,262
289,260
292,262
294,263
297,260
295,263
299,262
301,261
269,267
270,264
271,264
274,265
276,267
275,267
279,266
280,265
284,265
283,265
289,267
290,265
292,267
292,265
297,264
298,266
302,266
301,264
271,270
273,270
277,268
277,271
281,269
279,271
285,271
284,271
288,270
288,268
292,271
294,269
297,269
298,269
301,271
299,270
276,274
275,273
280,273
281,272
286,272
286,273
289,272
287,273
292,273
294,275
298,272
295,272
302,272
302,273
279,279
280,276
285,278
286,279
287,277
289,279
294,277
294,276
298,279
296,279
301,276
302,277
284,282
286,283
288,283
287,281
292,283
292,280
296,282
295,281
300,281
299,281
287,286
288,287
292,284
293,284
297,286
297,287
299,287
301,285
292,290
291,289
297,289
298,289
299,289
301,289
296,292
295,292
301,295
302,293
299,299
301,299
